# Game Level Exporter v1.0
LIGHT
Light
<Matrix 4x4 (-0.2909, -0.0552,  0.9552, 0.0000)
            (-0.7711,  0.6045, -0.1999, 0.0000)
            (-0.5664, -0.7947, -0.2184, 0.0000)
            ( 4.0762,  5.9039,  1.0055, 1.0000)>
CAMERA
Camera
<Matrix 4x4 ( 0.6859,  0.0000,  0.7277, 0.0000)
            (-0.3240,  0.8954,  0.3054, 0.0000)
            (-0.6516, -0.4453,  0.6142, 0.0000)
            ( 7.3589,  4.9583, -6.9258, 1.0000)>
MESH
Floor_Standard
<Matrix 4x4 (2.5013, 0.0000,  0.0000, 0.0000)
            (0.0000, 2.5013, -0.0000, 0.0000)
            (0.0000, 0.0000,  2.5013, 0.0000)
            (0.0000, 0.0000,  0.0000, 1.0000)>
MESH
Floor_Standard.001
<Matrix 4x4 (2.5013, 0.0000,  0.0000, 0.0000)
            (0.0000, 2.5013, -0.0000, 0.0000)
            (0.0000, 0.0000,  2.5013, 0.0000)
            (5.0000, 0.0000,  0.0000, 1.0000)>
MESH
Floor_Standard.003
<Matrix 4x4 (2.5013, 0.0000,  0.0000, 0.0000)
            (0.0000, 2.5013, -0.0000, 0.0000)
            (0.0000, 0.0000,  2.5013, 0.0000)
            (0.0000, 0.0000, -5.0000, 1.0000)>
MESH
Floor_Standard.002
<Matrix 4x4 (2.5013, 0.0000,  0.0000, 0.0000)
            (0.0000, 2.5013, -0.0000, 0.0000)
            (0.0000, 0.0000,  2.5013, 0.0000)
            (5.0000, 0.0000, -5.0000, 1.0000)>
MESH
Wall_Half
<Matrix 4x4 ( 1.9553,  0.0000,  0.0000, 0.0000)
            ( 0.0000,  1.9553, -0.0000, 0.0000)
            ( 0.0000,  0.0000,  1.9553, 0.0000)
            (-1.3817, -0.0647,  2.3713, 1.0000)>
MESH
Wall_Half.001
<Matrix 4x4 (1.9553,  0.0000,  0.0000, 0.0000)
            (0.0000,  1.9553, -0.0000, 0.0000)
            (0.0000,  0.0000,  1.9553, 0.0000)
            (0.6183, -0.0647,  2.3713, 1.0000)>
MESH
Wall_Half.003
<Matrix 4x4 (1.9553,  0.0000,  0.0000, 0.0000)
            (0.0000,  1.9553, -0.0000, 0.0000)
            (0.0000,  0.0000,  1.9553, 0.0000)
            (2.6183, -0.0647,  2.3713, 1.0000)>
MESH
Wall_Half.002
<Matrix 4x4 (1.9553,  0.0000,  0.0000, 0.0000)
            (0.0000,  1.9553, -0.0000, 0.0000)
            (0.0000,  0.0000,  1.9553, 0.0000)
            (4.6183, -0.0647,  2.3713, 1.0000)>
MESH
Wall_Half.004
<Matrix 4x4 (1.9553,  0.0000,  0.0000, 0.0000)
            (0.0000,  1.9553, -0.0000, 0.0000)
            (0.0000,  0.0000,  1.9553, 0.0000)
            (6.6183, -0.0647,  2.3713, 1.0000)>
MESH
Wall_Half.009
<Matrix 4x4 ( 1.9553,  0.0000,  0.0000, 0.0000)
            ( 0.0000,  1.9553, -0.0000, 0.0000)
            ( 0.0000,  0.0000,  1.9553, 0.0000)
            (-1.5062, -0.0038, -6.9619, 1.0000)>
MESH
Wall_Half.008
<Matrix 4x4 (1.9553,  0.0000,  0.0000, 0.0000)
            (0.0000,  1.9553, -0.0000, 0.0000)
            (0.0000,  0.0000,  1.9553, 0.0000)
            (0.4938, -0.0038, -6.9619, 1.0000)>
MESH
Wall_Half.007
<Matrix 4x4 (1.9553,  0.0000,  0.0000, 0.0000)
            (0.0000,  1.9553, -0.0000, 0.0000)
            (0.0000,  0.0000,  1.9553, 0.0000)
            (4.4938, -0.0038, -6.9619, 1.0000)>
MESH
Wall_Half.006
<Matrix 4x4 (1.9553,  0.0000,  0.0000, 0.0000)
            (0.0000,  1.9553, -0.0000, 0.0000)
            (0.0000,  0.0000,  1.9553, 0.0000)
            (2.4938, -0.0038, -6.9619, 1.0000)>
MESH
Wall_Half.005
<Matrix 4x4 (1.9553,  0.0000,  0.0000, 0.0000)
            (0.0000,  1.9553, -0.0000, 0.0000)
            (0.0000,  0.0000,  1.9553, 0.0000)
            (6.4938, -0.0038, -6.9619, 1.0000)>
MESH
Wall_Half.010
<Matrix 4x4 ( 0.0444, 0.0000,  1.9548, 0.0000)
            ( 0.0000, 1.9553, -0.0000, 0.0000)
            (-1.9548, 0.0000,  0.0444, 0.0000)
            (-2.4307, 0.0009, -5.9675, 1.0000)>
MESH
Wall_Half.011
<Matrix 4x4 ( 0.0444, 0.0000,  1.9548, 0.0000)
            ( 0.0000, 1.9553, -0.0000, 0.0000)
            (-1.9548, 0.0000,  0.0444, 0.0000)
            (-2.4307, 0.0009, -3.9675, 1.0000)>
MESH
Wall_Half.013
<Matrix 4x4 ( 0.0444, 0.0000,  1.9548, 0.0000)
            ( 0.0000, 1.9553, -0.0000, 0.0000)
            (-1.9548, 0.0000,  0.0444, 0.0000)
            (-2.4307, 0.0009, -1.9675, 1.0000)>
MESH
Wall_Half.012
<Matrix 4x4 ( 0.0444, 0.0000,  1.9548, 0.0000)
            ( 0.0000, 1.9553, -0.0000, 0.0000)
            (-1.9548, 0.0000,  0.0444, 0.0000)
            (-2.4307, 0.0009,  0.0325, 1.0000)>
MESH
Wall_Half.014
<Matrix 4x4 ( 0.0444, 0.0000,  1.9548, 0.0000)
            ( 0.0000, 1.9553, -0.0000, 0.0000)
            (-1.9548, 0.0000,  0.0444, 0.0000)
            (-2.4307, 0.0009,  1.0325, 1.0000)>
MESH
Wall_ArchGothic_Cube.001
<Matrix 4x4 ( 0.0000,  0.0000,  1.2695, 0.0000)
            ( 0.0000,  1.2695, -0.0000, 0.0000)
            (-1.2695,  0.0000,  0.0000, 0.0000)
            ( 7.4633, -0.0044, -2.5246, 1.0000)>
MESH
Wall_Half.016
<Matrix 4x4 ( 0.0444,  0.0000,  1.9548, 0.0000)
            ( 0.0000,  1.9553, -0.0000, 0.0000)
            (-1.9548,  0.0000,  0.0444, 0.0000)
            ( 7.1039, -0.0728, -5.9944, 1.0000)>
MESH
Wall_Half.015
<Matrix 4x4 ( 0.0444,  0.0000,  1.9548, 0.0000)
            ( 0.0000,  1.9553, -0.0000, 0.0000)
            (-1.9548,  0.0000,  0.0444, 0.0000)
            ( 7.1076, -0.0590,  0.9757, 1.0000)>
MESH
Floor_Standard.004
<Matrix 4x4 ( 2.5013, 0.0000,  0.0000, 0.0000)
            ( 0.0000, 2.5013, -0.0000, 0.0000)
            ( 0.0000, 0.0000,  2.5013, 0.0000)
            (10.0067, 0.1780, -2.5647, 1.0000)>
MESH
Floor_Standard.005
<Matrix 4x4 ( 2.5013, 0.0000,  0.0000, 0.0000)
            ( 0.0000, 2.5013, -0.0000, 0.0000)
            ( 0.0000, 0.0000,  2.5013, 0.0000)
            (15.0067, 0.1780, -2.5647, 1.0000)>
MESH
Floor_Standard.006
<Matrix 4x4 ( 2.5013, 0.0000,  0.0000, 0.0000)
            ( 0.0000, 2.5013, -0.0000, 0.0000)
            ( 0.0000, 0.0000,  2.5013, 0.0000)
            (20.0067, 0.1780, -2.5647, 1.0000)>
MESH
Floor_Standard.007
<Matrix 4x4 ( 2.5013, 0.0000,  0.0000, 0.0000)
            ( 0.0000, 2.5013, -0.0000, 0.0000)
            ( 0.0000, 0.0000,  2.5013, 0.0000)
            (25.0067, 0.1780, -2.5647, 1.0000)>
MESH
Wall_ArchGothic_Cube.002
<Matrix 4x4 ( 0.0000,  0.0000,  1.2695, 0.0000)
            ( 0.0000,  1.2695, -0.0000, 0.0000)
            (-1.2695,  0.0000,  0.0000, 0.0000)
            (27.4633, -0.0044, -2.5246, 1.0000)>
MESH
Floor_Standard.011
<Matrix 4x4 ( 2.5013, 0.0000,  0.0000, 0.0000)
            ( 0.0000, 2.5013, -0.0000, 0.0000)
            ( 0.0000, 0.0000,  2.5013, 0.0000)
            (30.0148, 0.2119, -0.0447, 1.0000)>
MESH
Floor_Standard.010
<Matrix 4x4 ( 2.5013, 0.0000,  0.0000, 0.0000)
            ( 0.0000, 2.5013, -0.0000, 0.0000)
            ( 0.0000, 0.0000,  2.5013, 0.0000)
            (35.0148, 0.2119, -0.0447, 1.0000)>
MESH
Floor_Standard.009
<Matrix 4x4 ( 2.5013, 0.0000,  0.0000, 0.0000)
            ( 0.0000, 2.5013, -0.0000, 0.0000)
            ( 0.0000, 0.0000,  2.5013, 0.0000)
            (35.0148, 0.2119, -5.0447, 1.0000)>
MESH
Floor_Standard.008
<Matrix 4x4 ( 2.5013, 0.0000,  0.0000, 0.0000)
            ( 0.0000, 2.5013, -0.0000, 0.0000)
            ( 0.0000, 0.0000,  2.5013, 0.0000)
            (30.0148, 0.2119, -5.0447, 1.0000)>
MESH
Wall_Half.033
<Matrix 4x4 ( 1.9553,  0.0000,  0.0000, 0.0000)
            ( 0.0000,  1.9553, -0.0000, 0.0000)
            ( 0.0000,  0.0000,  1.9553, 0.0000)
            (28.6183, -0.0647,  2.3713, 1.0000)>
MESH
Wall_Half.032
<Matrix 4x4 ( 1.9553,  0.0000,  0.0000, 0.0000)
            ( 0.0000,  1.9553, -0.0000, 0.0000)
            ( 0.0000,  0.0000,  1.9553, 0.0000)
            (30.6183, -0.0647,  2.3713, 1.0000)>
MESH
Wall_Half.031
<Matrix 4x4 ( 1.9553,  0.0000,  0.0000, 0.0000)
            ( 0.0000,  1.9553, -0.0000, 0.0000)
            ( 0.0000,  0.0000,  1.9553, 0.0000)
            (34.6183, -0.0647,  2.3713, 1.0000)>
MESH
Wall_Half.030
<Matrix 4x4 ( 1.9553,  0.0000,  0.0000, 0.0000)
            ( 0.0000,  1.9553, -0.0000, 0.0000)
            ( 0.0000,  0.0000,  1.9553, 0.0000)
            (32.6183, -0.0647,  2.3713, 1.0000)>
MESH
Wall_Half.029
<Matrix 4x4 ( 1.9553,  0.0000,  0.0000, 0.0000)
            ( 0.0000,  1.9553, -0.0000, 0.0000)
            ( 0.0000,  0.0000,  1.9553, 0.0000)
            (36.6183, -0.0647,  2.3713, 1.0000)>
MESH
Wall_Half.028
<Matrix 4x4 ( 1.9553,  0.0000,  0.0000, 0.0000)
            ( 0.0000,  1.9553, -0.0000, 0.0000)
            ( 0.0000,  0.0000,  1.9553, 0.0000)
            (36.4938, -0.0038, -6.9619, 1.0000)>
MESH
Wall_Half.027
<Matrix 4x4 ( 1.9553,  0.0000,  0.0000, 0.0000)
            ( 0.0000,  1.9553, -0.0000, 0.0000)
            ( 0.0000,  0.0000,  1.9553, 0.0000)
            (32.4938, -0.0038, -6.9619, 1.0000)>
MESH
Wall_Half.026
<Matrix 4x4 ( 1.9553,  0.0000,  0.0000, 0.0000)
            ( 0.0000,  1.9553, -0.0000, 0.0000)
            ( 0.0000,  0.0000,  1.9553, 0.0000)
            (34.4938, -0.0038, -6.9619, 1.0000)>
MESH
Wall_Half.025
<Matrix 4x4 ( 1.9553,  0.0000,  0.0000, 0.0000)
            ( 0.0000,  1.9553, -0.0000, 0.0000)
            ( 0.0000,  0.0000,  1.9553, 0.0000)
            (30.4938, -0.0038, -6.9619, 1.0000)>
MESH
Wall_Half.024
<Matrix 4x4 ( 1.9553,  0.0000,  0.0000, 0.0000)
            ( 0.0000,  1.9553, -0.0000, 0.0000)
            ( 0.0000,  0.0000,  1.9553, 0.0000)
            (28.4938, -0.0038, -6.9619, 1.0000)>
MESH
Wall_Half.023
<Matrix 4x4 ( 0.0444,  0.0000,  1.9548, 0.0000)
            ( 0.0000,  1.9553, -0.0000, 0.0000)
            (-1.9548,  0.0000,  0.0444, 0.0000)
            (37.1535, -0.2113, -6.3308, 1.0000)>
MESH
Wall_Half.022
<Matrix 4x4 ( 0.0444,  0.0000,  1.9548, 0.0000)
            ( 0.0000,  1.9553, -0.0000, 0.0000)
            (-1.9548,  0.0000,  0.0444, 0.0000)
            (37.1535, -0.2113, -4.3308, 1.0000)>
MESH
Wall_Half.021
<Matrix 4x4 ( 0.0444,  0.0000,  1.9548, 0.0000)
            ( 0.0000,  1.9553, -0.0000, 0.0000)
            (-1.9548,  0.0000,  0.0444, 0.0000)
            (37.1535, -0.2113, -0.3308, 1.0000)>
MESH
Wall_Half.020
<Matrix 4x4 ( 0.0444,  0.0000,  1.9548, 0.0000)
            ( 0.0000,  1.9553, -0.0000, 0.0000)
            (-1.9548,  0.0000,  0.0444, 0.0000)
            (37.1535, -0.2113, -2.3308, 1.0000)>
MESH
Wall_Half.019
<Matrix 4x4 ( 0.0444,  0.0000,  1.9548, 0.0000)
            ( 0.0000,  1.9553, -0.0000, 0.0000)
            (-1.9548,  0.0000,  0.0444, 0.0000)
            (37.1535, -0.2113,  0.6692, 1.0000)>
MESH
Wall_Half.018
<Matrix 4x4 ( 0.0444,  0.0000,  1.9548, 0.0000)
            ( 0.0000,  1.9553, -0.0000, 0.0000)
            (-1.9548,  0.0000,  0.0444, 0.0000)
            (27.4819, -0.1735,  0.9644, 1.0000)>
MESH
Wall_Half.017
<Matrix 4x4 ( 0.0444,  0.0000,  1.9548, 0.0000)
            ( 0.0000,  1.9553, -0.0000, 0.0000)
            (-1.9548,  0.0000,  0.0444, 0.0000)
            (27.4783, -0.1873, -6.0057, 1.0000)>
MESH
Wall_ArchRound_Broken_Cube.059
<Matrix 4x4 ( 1.2303,  0.0000,  0.0000, 0.0000)
            ( 0.0000,  1.2303, -0.0000, 0.0000)
            ( 0.0000,  0.0000,  1.2303, 0.0000)
            (10.0527, -0.1197, -0.3427, 1.0000)>
MESH
Wall_ArchRound_Broken_Cube.001
<Matrix 4x4 ( 1.2303,  0.0000,  0.0000, 0.0000)
            ( 0.0000,  1.2303, -0.0000, 0.0000)
            ( 0.0000,  0.0000,  1.2303, 0.0000)
            (15.0527, -0.1197, -0.3427, 1.0000)>
MESH
Wall_ArchRound_Broken_Cube.002
<Matrix 4x4 ( 1.2303,  0.0000,  0.0000, 0.0000)
            ( 0.0000,  1.2303, -0.0000, 0.0000)
            ( 0.0000,  0.0000,  1.2303, 0.0000)
            (20.0527, -0.1197, -0.3427, 1.0000)>
MESH
Wall_ArchRound_Broken_Cube.003
<Matrix 4x4 ( 1.2303,  0.0000,  0.0000, 0.0000)
            ( 0.0000,  1.2303, -0.0000, 0.0000)
            ( 0.0000,  0.0000,  1.2303, 0.0000)
            (25.0527, -0.1197, -0.3427, 1.0000)>
MESH
Wall_ArchRound_Broken_Cube.007
<Matrix 4x4 ( 1.2303,  0.0000,  0.0000, 0.0000)
            ( 0.0000,  1.2303, -0.0000, 0.0000)
            ( 0.0000,  0.0000,  1.2303, 0.0000)
            (15.0116, -0.1047, -5.0585, 1.0000)>
MESH
Wall_ArchRound_Broken_Cube.006
<Matrix 4x4 ( 1.2303,  0.0000,  0.0000, 0.0000)
            ( 0.0000,  1.2303, -0.0000, 0.0000)
            ( 0.0000,  0.0000,  1.2303, 0.0000)
            (20.0116, -0.1047, -5.0585, 1.0000)>
MESH
Wall_ArchRound_Broken_Cube.005
<Matrix 4x4 ( 1.2303,  0.0000,  0.0000, 0.0000)
            ( 0.0000,  1.2303, -0.0000, 0.0000)
            ( 0.0000,  0.0000,  1.2303, 0.0000)
            (25.0116, -0.1047, -5.0585, 1.0000)>
MESH
Wall_ArchRound_Broken_Cube.004
<Matrix 4x4 ( 1.2303,  0.0000,  0.0000, 0.0000)
            ( 0.0000,  1.2303, -0.0000, 0.0000)
            ( 0.0000,  0.0000,  1.2303, 0.0000)
            (10.0116, -0.1047, -5.0585, 1.0000)>
MESH
Barrel_Cylinder.037
<Matrix 4x4 ( 1.7131,  0.0000,  0.0000, 0.0000)
            ( 0.0000,  1.7131, -0.0000, 0.0000)
            ( 0.0000,  0.0000,  1.7131, 0.0000)
            (-1.2954, -0.2264,  0.8521, 1.0000)>
MESH
Barrel_Cylinder.001
<Matrix 4x4 (1.7131, 0.0000,  0.0000, 0.0000)
            (0.0000, 1.7131, -0.0000, 0.0000)
            (0.0000, 0.0000,  1.7131, 0.0000)
            (6.0049, 1.8204, -6.1821, 1.0000)>
MESH
Barrel_Cylinder.002
<Matrix 4x4 ( 1.7131, 0.0000,  0.0000, 0.0000)
            ( 0.0000, 1.7131, -0.0000, 0.0000)
            ( 0.0000, 0.0000,  1.7131, 0.0000)
            (35.1679, 0.2584, -3.3990, 1.0000)>
MESH
Barrel_Cylinder.003
<Matrix 4x4 ( 1.7131, 0.0000,  0.0000, 0.0000)
            ( 0.0000, 1.7131, -0.0000, 0.0000)
            ( 0.0000, 0.0000,  1.7131, 0.0000)
            (35.1679, 0.2584, -1.3990, 1.0000)>
